
Cluster 0
--------------
7780
93168
25878
38031
71389
50018
57370
91426
22711
29773
94719
82238
57481
26246
29047
27031
69893
9776
42296
23760
65815
3733
24307
39117
10701
56394
57602
73462
38472
32088
1806
27312
91796
23319
46495
53272
91911
26095
3458
42633
78796
13052
28919
45127
36257
55996
97612
52235
82993
50362
94372
28672
94652
34047
54203
98170
14181
25551
64392
33838
83394
64258
73624
93192
63634
82886
8208
42269
97218
17622
29209
56029
72058
70919
20856
19267
88042
46975
7674
32054
47023
24634
70005
4629
41729
15813
43878
38181
8304
91194
96099
57644
34958
93456
52954
61242
25196
42202
58445
37237
18773
98797
63703
84035
23812
81859
6040
35014
17526
73183
41719
82212
38846
62186
20326
39299
81697
85232
81816
63064
46042
68578
34088
83741
39939
42074
49624
85492
37438
40084
34563
83227
276

Cluster 1
--------------
81563

Cluster 2
--------------
37224
10814
